Vis=...
[2.28 0.73 3.5 1.97 3.95 NaN  NaN ;
2.93 2.54 8.96 NaN  NaN  NaN  NaN ;
1.55 1.38 3.67 2.37 3.06 1.44 2.05;
2.31 4.92 3.13 4.56 2.13 2.98 NaN ;
4.68 4.89 3.32 4.31 3.9  3.74 3.29;
9.21 3.23 4.89 4.6  4.38 NaN  NaN ;
3.38 5.49 4.98 3.16 4.51 NaN  NaN ;
3.66 6.09 2.63 3.97 2.11 NaN  NaN];

Aud=...
[3.16 4.96 11.2 11.4 7.34 NaN NaN  ;
5.12 5.58 8.38  NaN  NaN  NaN  NaN ;
5.68 3.76 4.69  4.56 5.58 5.96 2.23;
13.8 7.81 4.42  17.4 13.9 10.7 NaN ;
7.8  8.56 8.95  9.24 10.1 2.77 4.75;
27   15.9 12.3  18.3 13.3 NaN  NaN ;
12.8 22.5 14.3  14.1 15.2 NaN  NaN ;
10.2 19.3 8.23  7.63 4.42 NaN  NaN] ;

LMvis=...
    